MATICUSDT    with   15m  rsi_period: 14    from    2021-08-01  to 2021-08-31   30 days 23:45:00

          mfi   ema_200   ema_100    ema_50    ema_25    ema_10 displ_200 (%) displ_100 (%)
0   65.581409  1.039841  1.049368  1.057733  1.066295  1.077699     -3.266993     -2.380772
1   15.094818  1.068063  1.076165  1.073072  1.064115  1.048408      4.236906      5.027554
2   27.535719  1.066476  1.072299  1.066276  1.054736  1.040511      2.807737      3.369033
3   26.407249  1.056418  1.051829   1.04517  1.038784  1.031634      3.790165      3.339326
4   22.985178  1.055919  1.050926  1.043644  1.036281  1.027017      4.937047      4.440913
5   29.216368  1.041606   1.03157  1.023944  1.020454  1.016669      2.798532      1.808072
6   28.093863  1.031693  1.023201  1.019329  1.017077  1.014025      2.026613      1.186852
7   23.285462  1.041637  1.043309  1.043303  1.038509  1.030991       2.00622      2.169964
8   31.271967  1.039856   1.03959  1.036551  1.030033  1.023884       2.40249      2.376242
9   25.396265  1.046464  1.049807  1.051515  1.049453  1.043295      0.856269       1.17845
10  58.143181  1.047981   1.05064  1.051822  1.052756  1.054424     -0.561616     -0.309289
11  39.839225  1.074247  1.091374  1.108891  1.121934  1.125596     -3.655799     -2.119835
12  35.202049  1.102105  1.127312  1.145193  1.150107   1.14422     -2.853732     -0.631798
13  35.661712  1.125195   1.13252  1.123055  1.107006  1.089861       4.60706      5.288006
14  22.215547  1.116058  1.113167   1.09672  1.081562  1.066962       7.48791      7.209474
15  28.966971  1.115351  1.118489  1.125558  1.130837  1.125684      1.095912       1.38039
16  43.428229  1.116029  1.119114  1.124026  1.125199  1.121948      0.399299      0.676854
17   8.363893  1.126314  1.133372  1.138726   1.13899  1.131626       1.15807      1.791927
18  64.087518  1.135334  1.145293  1.154172   1.16208  1.168619     -3.092129     -2.242078
19  15.492042  1.246848  1.307016  1.352606  1.367471  1.355746      -5.58262     -1.026365
20  18.972323  1.305227  1.342769  1.340124   1.31656  1.288978       3.19961      6.167887
21  20.102117  1.306713  1.330092  1.321145   1.30933  1.298202      2.359672      4.190986
22  44.519882  1.338519  1.371516  1.391749  1.410093  1.415633     -4.699831     -2.350558
23  27.569462  1.412239  1.452919  1.471718    1.4742  1.465516      0.096289       2.97963
24  35.832319  1.422192  1.446925  1.448226  1.443339  1.438898       0.02057      1.759947
25  29.945544  1.427712  1.440367  1.435731  1.427928  1.414516      3.152397      4.066736
26  43.848539  1.422542  1.424804  1.419482  1.419619   1.42374     -0.631345     -0.473322
27  23.160261  1.468906   1.48687  1.492797  1.484957  1.466363      2.590876       3.84547
28  19.417352  1.463176  1.471122  1.462049  1.441235  1.416612      5.703264      6.277308
29   36.52736  1.439157  1.423734  1.398934  1.370639  1.340399     11.721039     10.523751
30  30.200875  1.407919  1.380672  1.356427  1.342904  1.327677      8.397319      6.299571
31   14.44984  1.390774  1.365468   1.35157  1.345796  1.330113      7.132592      5.183291
32  34.910177  1.374266  1.349059  1.335909  1.328423   1.31944      5.123285      3.195084
33  58.214637   1.36017  1.344502  1.345612  1.354899  1.365374     -1.366221     -2.502394
34  41.345503  1.406585  1.431532  1.467714  1.489771  1.491776      -4.44398     -2.749158
35  59.347165   1.46445  1.501538   1.52431  1.530128  1.529277      -3.54803       -1.1053
36  18.181081  1.556869  1.607447  1.627769  1.622552  1.603742     -1.390944      1.812547
37  61.168206  1.563084  1.605098  1.614056  1.605102  1.596722     -1.761398      0.879132
38  26.923254  1.591073  1.612301   1.60835  1.597143  1.584264      1.679024      3.035625
39  25.210038  1.613525  1.629012  1.633298  1.631637  1.624136      0.662244      1.628392
40  30.271529  1.613595  1.619744  1.615554  1.609324  1.599096      1.867723      2.255947
41   5.611565  1.599949  1.590846  1.571738  1.547743  1.513872     10.268279      9.640946
42  39.357045    1.5738  1.549986  1.523076  1.507455  1.499383      6.791681      5.175771
43   8.627108  1.546458  1.516572  1.493239  1.478586  1.456044      8.475431      6.379082
44  42.071505  1.505083  1.478577  1.457032  1.433949  1.416073      7.429183      5.537287
45  35.760209  1.473531  1.438789  1.413194  1.397396  1.386216      7.478543       4.94448
46    26.0143  1.458619  1.423571  1.401999  1.392325  1.382561      7.330309      4.751367
47  55.513994  1.436363  1.411838  1.408798  1.417052   1.42673       0.93906     -0.784434
48  58.227602  1.466009  1.470447  1.471368  1.464524  1.457366      1.313666      1.620357
49   23.44517  1.463075   1.46237  1.457809  1.451336  1.437137      3.911609       3.86154
50  45.100589  1.449148  1.439719  1.428974  1.422337  1.417863      3.215669      2.544113
51  14.096122  1.436082   1.42396  1.414388  1.406562  1.394014      4.670684       3.78719
52  20.280924  1.416516  1.397436   1.38189  1.370459  1.356855      6.026626      4.598474
53  15.495482  1.399149  1.379305  1.366434  1.355763  1.335867      7.379071      5.856109
54  34.058501   1.36979  1.354202  1.347384  1.341166  1.333917      3.850677      2.668835