MATICUSDT    with   15m  rsi_period: 14    from    2021-08-01  to 2021-08-31   30 days 23:45:00

   displ_50 (%) displ_25 (%) displ_10 (%)   200-100    200-50    200-25    100-50    100-25
0     -1.602525    -0.806077     0.254842 -0.009527 -0.017892 -0.026454 -0.008366 -0.016927
1      4.725725     3.851586     2.318694 -0.008101 -0.005009  0.003948  0.003093   0.01205
2       2.78847      1.67599     0.304719 -0.005823    0.0002   0.01174  0.006022  0.017563
3      2.685135     2.057696     1.355206  0.004589  0.011247  0.017634  0.006659  0.013045
4      3.717174     2.985437     2.064792  0.004992  0.012275  0.019638  0.007283  0.014646
5      1.055416      0.71094     0.337452  0.010036  0.017662  0.021153  0.007626  0.011117
6      0.803918     0.581233      0.27937  0.008492  0.012364  0.014616  0.003872  0.006124
7      2.169458     1.699918     0.963699 -0.001672 -0.001667  0.003128  0.000005    0.0048
8      2.076961     1.435095     0.829579  0.000267  0.003306  0.009824  0.003039  0.009557
9      1.343043     1.144334     0.550765 -0.003343 -0.005051 -0.002989 -0.001708  0.000354
10    -0.197133    -0.108594     0.049747 -0.002659 -0.003841 -0.004774 -0.001182 -0.002115
11    -0.548753     0.621024     0.949435 -0.017126 -0.034644 -0.047687 -0.017518 -0.030561
12     0.944288     1.377462     0.858552 -0.025207 -0.043088 -0.048002  -0.01788 -0.022795
13     4.408074        2.916      1.32206 -0.007325   0.00214   0.01819  0.009465  0.025514
14     5.625441     4.165599     2.759444  0.002891  0.019338  0.034496  0.016447  0.031605
15     2.021136     2.499576     2.032545 -0.003139 -0.010208 -0.015486 -0.007069 -0.012348
16     1.118769     1.224294     0.931837 -0.003085 -0.007998 -0.009171 -0.004912 -0.006085
17     2.272825     2.296554     1.635141 -0.007057 -0.012412 -0.012676 -0.005354 -0.005619
18    -1.484188    -0.809177     -0.25104 -0.009959 -0.018838 -0.026746 -0.008879 -0.016787
19     2.425893     3.551546     2.663731 -0.060169 -0.105758 -0.120623 -0.045589 -0.060455
20     5.958796     4.095654     1.914805 -0.037542 -0.034897 -0.011333  0.002644  0.026209
21     3.490174     2.564632     1.692982 -0.023378 -0.014432 -0.002616  0.008947  0.020762
22    -0.910004     0.396109      0.79053 -0.032996 -0.053229 -0.071574 -0.020233 -0.038578
23     4.312031     4.487948     3.872465  -0.04068 -0.059479 -0.061961 -0.018799 -0.021281
24     1.851432     1.507749     1.195412 -0.024732 -0.026033 -0.021146 -0.001301  0.003586
25     3.731792      3.16799      2.19898 -0.012655 -0.008019 -0.000216  0.004636  0.012439
26    -0.845103    -0.835483    -0.547613 -0.002262   0.00306  0.002922  0.005322  0.005185
27      4.25943     3.711864     2.413249 -0.017963 -0.023891  -0.01605 -0.005927  0.001913
28     5.621792     4.118156     2.339321 -0.007946  0.001128  0.021942  0.009074  0.029888
29     8.598576     6.402016     4.054541  0.015423  0.040223  0.068518    0.0248  0.053095
30     4.432959     3.391794     2.219435  0.027247  0.051491  0.065014  0.024245  0.037768
31     4.112665     3.667936     2.459831  0.025305  0.039204  0.044977  0.013899  0.019672
32     2.189218     1.616537     0.929381  0.025207  0.038357  0.045843   0.01315  0.020636
33    -2.421884    -1.748409    -0.988853  0.015668  0.014558   0.00527  -0.00111 -0.010398
34    -0.291159     1.207241     1.343465 -0.024948  -0.06113 -0.083186 -0.036182 -0.058238
35     0.394529     0.777733     0.721684 -0.037088 -0.059861 -0.065679 -0.022772  -0.02859
36     3.099715     2.769262     1.577866 -0.050578   -0.0709 -0.065683 -0.020322 -0.015105
37     1.442119     0.879408     0.352682 -0.042014 -0.050971 -0.042018 -0.008958 -0.000004
38      2.78311     2.066938     1.243864 -0.021228 -0.017277  -0.00607  0.003951  0.015158
39     1.895814     1.792152     1.324211 -0.015486 -0.019773 -0.018111 -0.004287 -0.002625
40     1.991386     1.598122      0.95241  -0.00615 -0.001959   0.00427  0.004191   0.01042
41     8.324019     6.670301      4.33591  0.009102   0.02821  0.052205  0.019108  0.043103
42     3.349781     2.289792     1.742083  0.023814  0.050724  0.066345   0.02691  0.042531
43     4.742368       3.7146     2.133345  0.029886   0.05322  0.067872  0.023333  0.037986
44     3.999424     2.351787     1.075845  0.026505  0.048051  0.071134  0.021545  0.044629
45     3.077593     1.925327     1.109859  0.034742  0.060337  0.076135  0.025595  0.041393
46     3.164031      2.45214     1.733716  0.035048   0.05662  0.066294  0.021572  0.031246
47    -0.998014    -0.418022     0.262131  0.024525  0.027565  0.019311  0.003039 -0.005214
48     1.684004     1.211033     0.716392 -0.004438 -0.005359  0.001485 -0.000921  0.005923
49     3.537598     3.077848     2.069381  0.000705  0.005266  0.011739  0.004561  0.011034
50       1.7788     1.306046     0.987378  0.009429  0.020174  0.026811  0.010745  0.017382
51     3.089503     2.519067     1.604502  0.012122  0.021694   0.02952  0.009572  0.017399
52     3.434889     2.579288     1.560972   0.01908  0.034626  0.046056  0.015545  0.026976
53     4.868294     4.049341     2.522433  0.019844  0.032715  0.043386  0.012871  0.023542
54     2.151913      1.68048     1.130917  0.015588  0.022407  0.028625  0.006818  0.013036